fra> sweep
idx,freq_hz,mag_counts,phase_deg,norm_db,norm_phase_deg,i_acc,q_acc,samples,adc_                                                                                                                                                             min,adc_max,status
0,10.000,55.041,179.987,nan,nan,-34950600315,8204253,9999924,69,184,0x00000002 D                                                                                                                                                             ONE
1,14.919,55.041,179.986,nan,nan,-23427662096,5700282,6703031,70,184,0x00000002 D                                                                                                                                                             ONE
2,22.258,55.039,179.985,nan,nan,-15701690827,4081241,4492644,69,184,0x00000002 D                                                                                                                                                             ONE
3,33.206,55.039,179.984,nan,nan,-10524650378,2880090,3011370,69,184,0x00000002 D                                                                                                                                                             ONE
4,49.540,55.039,179.982,nan,nan,-7054816548,2173532,2018549,69,184,0x00000002 DO                                                                                                                                                             NE
5,73.908,55.041,179.980,nan,nan,-4729113660,1685399,1353065,69,184,0x00000002 DO                                                                                                                                                             NE
6,110.263,55.040,179.977,nan,nan,-3169763689,1277090,906924,70,184,0x00000002 DO                                                                                                                                                             NE
7,164.501,55.040,179.969,nan,nan,-2124623813,1135239,607900,70,184,0x00000002 DO                                                                                                                                                             NE
8,245.419,55.040,179.963,nan,nan,-1424100457,913346,407463,70,184,0x00000002 DON                                                                                                                                                             E
9,366.139,55.042,179.949,nan,nan,-954603992,848173,273121,70,184,0x00000002 DONE
10,546.241,55.040,179.930,nan,nan,-639834466,783166,183070,69,184,0x00000002 DON                                                                                                                                                             E
11,814.934,55.037,179.903,nan,nan,-428851296,726908,122709,70,183,0x00000002 DON                                                                                                                                                             E
12,1215.797,55.039,179.859,nan,nan,-287464522,705258,82251,69,184,0x00000002 DON                                                                                                                                                             E
13,1813.842,55.036,179.797,nan,nan,-192674746,682592,55132,70,184,0x00000002 DON                                                                                                                                                             E
14,2706.063,55.037,179.702,nan,nan,-129146526,672345,36954,70,183,0x00000002 DON                                                                                                                                                             E
15,4037.163,55.028,179.560,nan,nan,-86550905,664409,24770,70,183,0x00000002 DONE
16,6023.026,55.029,179.350,nan,nan,-58012657,658249,16603,70,183,0x00000002 DONE
17,8985.726,55.024,179.032,nan,nan,-38879513,657046,11129,70,183,0x00000002 DONE
18,13405.764,55.017,178.564,nan,nan,-26054104,653130,7460,70,183,0x00000002 DONE
19,20000.000,55.018,177.876,nan,nan,-17456370,647342,5000,71,183,0x00000002 DONE
fra> cal
calibrating loopback baseline
idx,freq_hz,mag_counts,phase_deg,norm_db,norm_phase_deg,i_acc,q_acc,samples,adc_                                                                                                                                                             min,adc_max,status
0,10.000,55.039,179.987,nan,nan,-34949624169,8216899,9999924,69,184,0x00000002 D                                                                                                                                                             ONE
1,14.919,55.038,179.986,nan,nan,-23426636048,5735879,6703031,69,184,0x00000002 D                                                                                                                                                             ONE
2,22.258,55.038,179.985,nan,nan,-15701398705,4152180,4492644,69,184,0x00000002 D                                                                                                                                                             ONE
3,33.206,55.037,179.984,nan,nan,-10524281822,2965116,3011370,69,184,0x00000002 D                                                                                                                                                             ONE
4,49.540,55.039,179.982,nan,nan,-7054733502,2164510,2018549,69,184,0x00000002 DO                                                                                                                                                             NE
5,73.908,55.039,179.980,nan,nan,-4728937188,1669180,1353065,70,184,0x00000002 DO                                                                                                                                                             NE
6,110.263,55.037,179.976,nan,nan,-3169574642,1316161,906924,70,184,0x00000002 DO                                                                                                                                                             NE
7,164.501,55.038,179.970,nan,nan,-2124556313,1110485,607900,70,184,0x00000002 DO                                                                                                                                                             NE
8,245.419,55.035,179.962,nan,nan,-1423975733,939292,407463,69,184,0x00000002 DON                                                                                                                                                             E
9,366.139,55.038,179.948,nan,nan,-954527183,866974,273121,70,184,0x00000002 DONE
10,546.241,55.036,179.930,nan,nan,-639795740,786777,183070,70,184,0x00000002 DON                                                                                                                                                             E
11,814.934,55.037,179.902,nan,nan,-428847352,736740,122709,70,184,0x00000002 DON                                                                                                                                                             E
12,1215.797,55.036,179.858,nan,nan,-287448555,713441,82251,70,183,0x00000002 DON                                                                                                                                                             E
13,1813.842,55.039,179.792,nan,nan,-192683207,699931,55132,70,183,0x00000002 DON                                                                                                                                                             E
14,2706.063,55.034,179.701,nan,nan,-129140094,674562,36954,70,184,0x00000002 DON                                                                                                                                                             E
15,4037.163,55.038,179.560,nan,nan,-86566609,664232,24770,70,184,0x00000002 DONE
16,6023.026,55.037,179.357,nan,nan,-58021278,651165,16603,70,183,0x00000002 DONE
17,8985.726,55.022,179.029,nan,nan,-38878305,658795,11129,71,182,0x00000002 DONE
18,13405.764,55.023,178.558,nan,nan,-26056582,656126,7460,71,182,0x00000002 DONE
19,20000.000,55.014,177.869,nan,nan,-17454971,649581,5000,72,182,0x00000002 DONE
calibration complete
fra> sweep
idx,freq_hz,mag_counts,phase_deg,norm_db,norm_phase_deg,i_acc,q_acc,samples,adc_                                                                                                                                                             min,adc_max,status
0,10.000,55.037,179.987,0.000,0.000,-34948422170,8145483,9999924,69,184,0x000000                                                                                                                                                             02 DONE
1,14.919,55.038,179.986,0.000,0.000,-23426637182,5699904,6703031,69,184,0x000000                                                                                                                                                             02 DONE
2,22.258,55.037,179.985,0.000,0.001,-15701194402,3996442,4492644,69,184,0x000000                                                                                                                                                             02 DONE
3,33.206,55.036,179.984,0.000,0.000,-10524084707,2959759,3011370,69,184,0x000000                                                                                                                                                             02 DONE
4,49.540,55.038,179.983,0.000,0.000,-7054601494,2104091,2018549,70,184,0x0000000                                                                                                                                                             2 DONE
5,73.908,55.037,179.979,0.000,0.000,-4728724800,1704068,1353065,70,184,0x0000000                                                                                                                                                             2 DONE
6,110.263,55.036,179.975,0.000,-0.001,-3169501363,1379802,906924,70,184,0x000000                                                                                                                                                             02 DONE
7,164.501,55.038,179.969,0.000,-0.001,-2124569080,1133258,607900,70,184,0x000000                                                                                                                                                             02 DONE
8,245.419,55.036,179.962,0.000,0.000,-1424007612,947518,407463,70,184,0x00000002                                                                                                                                                              DONE
9,366.139,55.036,179.947,0.000,-0.001,-954500350,877913,273121,70,184,0x00000002                                                                                                                                                              DONE
10,546.241,55.036,179.930,0.000,0.000,-639787260,784932,183070,70,184,0x00000002                                                                                                                                                              DONE
11,814.934,55.038,179.902,0.000,0.000,-428860410,735286,122709,70,184,0x00000002                                                                                                                                                              DONE
12,1215.797,55.035,179.856,0.000,-0.002,-287444629,721147,82251,70,183,0x0000000                                                                                                                                                             2 DONE
13,1813.842,55.033,179.796,-0.001,0.005,-192662068,684651,55132,70,183,0x0000000                                                                                                                                                             2 DONE
14,2706.063,55.034,179.698,0.000,-0.003,-129140336,680537,36954,70,183,0x0000000                                                                                                                                                             2 DONE
15,4037.163,55.032,179.557,-0.001,-0.004,-86557438,669544,24770,70,183,0x0000000                                                                                                                                                             2 DONE
16,6023.026,55.031,179.349,-0.001,-0.008,-58015187,658979,16603,71,183,0x00000002 DONE
17,8985.726,55.024,179.034,0.000,0.005,-38879439,655271,11129,70,182,0x00000002 DONE
18,13405.764,55.025,178.559,0.000,0.001,-26057759,655699,7460,70,182,0x00000002 DONE
19,20000.000,55.028,177.880,0.002,0.011,-17459399,646356,5000,72,182,0x00000002 DONE
fra>
